25 479 583
36 356 385
21 108 17
25 521 533
40 66 120
25 433 166
20 895 424
36 681 235
30 686 80
25 331 827
39 204 264
20 744 810
15 466 388
39 308 901
11 845 859
41 411 118
39 154 369
26 282 496
19 336 37
14 762 292
30 432 398
16 762 762
27 176 703
31 85 165
30 319 677
15 314 634
66 66 463
15 820 989
55 188 337
14 957 385
36 188 197
40 370 118
10 587 414
25 509 622
30 262 57
17 582 187
11 373 487
29 64 390
10 117 550
31 2 46
29 456 256
26 709 2
21 564 473
20 254 62
25 505 79
30 226 715
15 107 759
21 697 471
30 60 858
21 661 688
4 485 781
5 445 713
16 152 631
21 785 385
26 426 190
20 713 631
12 239 969
10 991 665
13 936 993
26 423 416
13 539 906
45 167 355
26 323 188
6 591 722
29 584 321
20 358 188
29 513 560
12 772 197
31 856 128
30 665 231
22 34 557
18 57 225
46 123 437
45 111 237
21 443 121
20 130 710
22 605 44
24 296 416
22 321 962
26 354 919
42 141 476
17 548 637
30 508 52
35 686 35
46 307 924
32 21 456
35 65 69
49 176 492
14 26 829
12 809 662
31 679 657
15 857 3
36 285 561
42 165 213
18 830 312
9 448 862
41 108 263
31 313 322
50 113 449
24 703 696
16 45 670
15 959 278
24 870 537
17 166 758
21 254 244
26 306 135
36 38 20
30 17 328
5 593 933
22 665 421
21 260 636
32 519 565
21 623 223
22 238 795
15 672 541
25 483 91
16 229 913
14 864 977
18 101 192
25 893 549
34 852 108
22 211 106
34 376 162
16 955 292
13 507 3
34 462 425
25 615 388
26 665 442
30 505 598
25 4 347
16 633 516
30 69 508
35 671 349
29 696 673
45 173 231
36 810 344
6 28 776
25 682 23
5 826 737
8 108 661
39 181 251
11 996 939
37 627 344
34 270 903
16 337 271
20 228 728
6 995 325
31 353 865
29 250 383
21 404 595
29 92 35
14 987 945
23 342 100
15 597 469
41 180 330
31 720 795
10 428 602
10 569 523
30 232 532
41 394 131
26 310 437
19 171 158
42 320 354
20 835 496
15 664 835
21 231 925
6 504 145
25 755 14
31 194 433
27 43 339
20 797 510
45 347 342
19 879 333
25 659 139
8 382 753
36 69 18
42 124 263
30 802 57
31 786 358
21 428 67
32 484 49
10 159 785
26 877 349
16 64 658
25 351 564
6 368 997
11 727 925
29 341 399
30 423 168
36 261 304
11 988 400
23 264 126
19 55 886
16 938 945
22 649 132
27 843 325
42 419 163
38 80 113
52 106 465
20 946 249
32 258 368
17 120 964
30 188 305
15 221 818
21 931 793
51 172 471
31 704 366
21 831 3
45 202 382
40 380 87
15 116 177
36 374 104
11 987 621
15 162 73
26 84 901
21 669 269
20 300 31
36 130 360
25 231 752
31 874 546
26 207 541
29 314 349
27 291 698
29 662 60
25 768 318
31 718 95
25 323 515
29 103 365
24 285 80
29 410 55
47 178 489
19 372 581
35 261 310
26 683 180
31 94 124
32 323 310
30 345 859
14 804 813
22 304 438
15 422 540
30 739 356
21 671 801
20 618 115
22 164 621
25 653 67
14 61 828
17 822 956
15 425 495
21 184 0
31 245 656
35 24 364
35 238 623
16 94 559
30 656 246
26 416 333
24 758 777
16 922 242
16 362 670
15 571 302
29 34 353
14 391 682
20 872 439
25 718 749
11 694 992
22 940 805
36 263 585
29 444 239
31 113 317
16 933 345
35 859 119
22 44 586
40 197 484
26 727 224
38 190 458
5 483 322
30 51 503
32 204 680
24 745 86
24 634 388
20 18 401
35 657 197
27 710 656
20 887 87
31 267 286
20 818 815
41 309 550
36 99 93
36 731 59
49 86 445
25 204 647
25 200 535
36 705 350
20 96 888
26 570 346
19 194 9
30 755 91
35 389 360
4 999 201
22 296 429
24 520 70
14 452 494
50 51 40
51 232 328
19 337 955
36 815 121
16 58 967
15 1 172
21 551 450
16 724 844
10 517 700
14 220 185
27 731 103
14 166 78
35 30 30
11 472 846
16 787 580
39 268 562
5 795 244
15 932 36
20 460 458
24 440 278
40 56 451
30 139 729
21 426 352
36 40 524
22 759 3
21 675 324
26 637 66
39 222 352
31 798 73
9 533 821
6 602 659
6 888 734
31 677 362
29 401 396
10 367 486
11 904 845
35 319 559
21 516 479
26 236 229
31 17 8
30 868 555
15 315 217
11 325 784
15 117 966
20 236 54
11 17 630
45 193 245
27 195 31
39 64 88
18 567 789
7 152 869
15 920 775
15 723 181
23 691 452
15 508 424
11 30 984
20 700 2
31 65 252
17 131 977
4 995 91
20 254 463
16 66 937
21 377 292
21 98 312
15 548 640
45 180 236
19 260 134
14 714 959
32 241 483
31 266 288
18 77 608
41 215 375
30 701 380
9 399 882
10 926 23
20 874 394
11 874 53
24 122 607
31 386 316
36 608 357
7 111 832
21 944 838
51 272 341
16 13 266
21 443 35
10 270 804
31 812 52
20 720 251
45 113 279
6 986 769
23 374 308
17 913 458
22 805 392
45 122 421
32 37 420
24 480 445
25 356 196
30 179 701
25 818 7
30 310 123
9 554 768
5 901 176
15 796 599
5 932 110
31 448 252
25 397 547
30 51 93
11 678 566
51 140 460
44 816 101
11 70 729
25 656 168
31 171 38
13 535 193
16 672 747
26 292 931
34 282 602
10 392 746
21 36 299
31 285 550
26 616 332
25 895 314
5 993 496
7 754 992
41 31 496
5 759 685
27 224 584
15 840 194
14 346 398
19 103 601
20 879 589
36 844 155
22 725 268
25 539 574
35 391 74
20 24 241
50 141 254
19 806 626
21 775 493
27 193 125
45 219 471
26 179 313
41 81 260
24 661 486
24 204 126
5 986 874
20 213 103
36 783 11
18 21 144
50 159 248
14 760 470
25 428 275
16 376 20
26 297 710
18 591 82
44 158 401
40 150 369
25 426 223
10 539 922
36 252 714
17 855 800
26 814 173
4 657 916
25 302 45
4 507 239
35 303 867
31 188 413
36 317 876
14 893 274
41 337 894
16 636 803
31 73 508
11 752 440
9 559 28
29 294 157
22 797 519
11 633 753
21 107 26
30 17 7
41 189 513
40 769 39
20 18 563
11 513 738
25 318 510
36 255 300
37 101 301
27 853 508
10 977 28
21 793 137
36 41 454
10 208 849
30 283 683
15 567 222
25 851 817
15 390 428
45 95 438
26 44 149
51 102 437
7 417 982
