20 368 671
21 862 274
34 175 297
21 213 400
51 185 59
30 689 312
17 835 768
26 77 159
10 468 515
31 308 631
26 73 163
26 406 324
21 543 34
20 27 10
25 12 505
20 254 147
21 871 696
36 63 786
16 480 957
17 878 7
37 305 240
22 6 63
11 742 734
19 411 396
45 67 264
25 615 85
10 165 8
25 335 496
9 822 517
15 547 741
40 165 132
32 270 353
20 544 144
31 806 171
55 226 32
51 77 22
42 58 487
12 548 945
16 836 750
20 89 553
21 885 692
19 966 437
46 122 358
19 475 383
21 102 965
31 307 172
22 32 722
17 537 227
36 366 50
61 46 264
26 159 663
4 545 503
26 33 527
15 467 360
14 834 508
49 241 18
15 579 411
21 628 184
35 565 83
37 47 155
34 89 788
26 21 364
21 747 228
35 487 846
25 338 112
56 188 110
52 430 206
19 400 715
54 279 287
35 142 44
16 605 541
15 603 423
31 365 330
20 167 451
30 757 326
26 438 49
40 316 438
29 22 416
16 939 216
21 785 671
16 120 232
36 43 818
35 279 348
29 52 323
10 821 875
37 356 92
26 16 504
25 361 712
30 71 815
36 565 63
30 104 315
40 42 726
41 53 350
4 152 994
30 675 272
34 353 121
19 661 222
6 960 879
11 441 984
11 556 591
56 189 66
16 300 741
35 161 144
17 947 139
5 741 472
10 934 822
16 767 913
39 81 268
36 407 317
35 341 616
19 9 707
25 61 466
9 759 658
51 66 280
29 89 730
59 297 47
44 158 126
15 100 1000
30 845 176
29 72 675
25 490 877
9 512 567
36 86 720
21 717 270
20 532 681
16 465 293
35 37 22
13 843 227
5 213 834
15 860 773
24 335 511
26 183 221
20 887 301
26 156 733
6 967 941
26 194 635
39 188 300
50 284 293
31 140 374
39 57 383
5 366 792
11 860 115
9 4 82
35 90 802
20 119 604
24 652 214
29 803 419
26 109 604
25 437 477
41 37 341
31 745 149
30 55 401
35 64 426
9 236 712
25 537 784
27 256 225
51 633 622
31 46 574
24 640 661
46 315 129
14 891 241
34 248 254
9 676 342
21 646 98
6 839 355
25 513 657
4 298 812
56 275 255
10 459 137
21 974 392
19 200 217
30 284 615
29 149 650
15 411 864
60 41 266
11 802 280
42 453 200
21 214 400
19 485 385
21 190 488
58 213 43
35 580 143
41 38 311
10 961 28
45 120 329
15 808 636
16 352 956
20 320 690
26 948 219
48 287 20
56 375 181
16 232 499
35 65 73
14 601 244
46 148 72
60 364 134
29 402 268
35 243 136
27 821 465
31 53 156
21 773 137
25 449 293
53 35 257
49 41 235
27 662 290
16 656 71
25 329 339
44 265 68
29 184 437
35 39 17
61 342 168
26 605 57
19 532 831
35 293 465
41 79 746
26 449 77
63 234 101
39 328 42
40 329 35
15 57 909
15 359 396
15 5 766
40 307 444
61 253 65
15 25 841
24 528 637
12 572 383
42 200 57
16 14 916
32 465 840
21 496 650
33 346 327
14 694 535
10 680 695
44 412 231
26 130 731
6 745 961
15 515 783
29 334 627
31 452 312
26 663 584
24 955 327
24 429 95
40 270 95
45 85 333
30 310 156
15 893 656
21 91 960
16 948 100
20 766 350
30 589 177
40 120 32
34 171 237
20 5 458
22 706 143
49 91 41
10 792 710
17 944 664
54 267 256
30 137 245
16 838 686
37 121 325
11 241 486
19 392 390
61 47 265
20 76 926
31 361 59
9 339 1000
34 35 708
10 261 768
10 591 334
21 396 539
10 139 518
25 349 516
49 427 234
10 423 584
12 954 800
16 433 702
25 284 393
20 8 805
12 778 62
30 750 316
22 801 878
31 353 661
21 43 116
19 703 191
31 149 216
14 387 15
32 725 300
21 570 755
25 258 590
40 257 73
10 728 848
57 363 178
11 3 938
31 543 87
20 442 421
35 289 467
26 596 287
20 663 145
30 334 545
16 995 221
21 471 829
25 740 180
45 124 347
9 159 798
27 765 109
36 840 185
16 628 881
15 950 90
25 572 173
26 798 432
30 309 616
22 879 171
31 670 648
60 331 165
37 416 48
6 938 490
25 465 817
24 90 609
31 147 150
10 152 541
45 22 230
8 118 853
16 995 203
15 830 12
10 828 567
5 912 743
36 595 140
10 747 752
46 153 338
61 271 271
11 376 896
25 499 211
35 10 262
25 453 886
35 556 75
30 611 614
41 319 362
31 399 669
15 510 947
35 446 241
40 307 585
11 604 916
16 386 623
14 85 525
17 993 410
27 755 880
11 748 418
32 618 141
26 914 324
9 499 0
25 130 809
20 348 229
40 397 162
15 834 609
26 180 720
31 383 66
10 637 411
6 621 737
11 383 953
60 270 301
9 943 677
55 49 43
9 959 19
32 650 262
71 220 76
11 793 9
22 675 206
33 65 616
26 404 458
57 67 248
50 259 323
40 306 447
16 510 408
24 842 448
35 225 327
21 341 734
39 105 37
51 214 28
36 166 284
40 196 48
11 875 50
41 166 347
27 420 452
15 252 636
55 83 26
45 265 13
12 492 590
10 950 288
41 622 639
40 277 119
21 32 585
12 734 86
12 684 490
24 639 293
16 427 573
26 675 610
20 213 423
37 293 452
38 339 417
11 256 569
36 276 343
13 944 219
41 573 118
47 67 67
20 184 484
30 396 257
5 787 787
40 460 234
19 521 846
25 67 474
15 369 452
50 396 181
35 171 675
54 372 173
5 11 991
46 578 93
50 51 60
4 827 985
16 472 775
24 774 187
29 727 310
34 614 590
31 427 174
10 592 790
40 71 596
8 604 526
21 932 344
16 200 758
7 678 788
18 334 285
7 1000 989
16 781 245
41 176 339
11 715 908
26 937 367
27 124 96
25 407 491
39 313 15
51 255 16
41 60 199
55 352 184
12 668 889
28 333 337
25 57 664
26 839 205
5 517 290
57 370 180
5 299 927
39 205 339
20 110 673
51 432 236
57 203 112
45 206 302
51 282 275
17 502 6
44 186 141
34 117 721
26 197 637
56 242 308
21 766 415
21 412 390
17 849 422
36 224 143
15 515 236
19 757 360
65 391 215
50 177 112
50 301 277
44 51 775
21 46 665
4 198 967
15 600 256
13 0 168
30 199 712
39 602 638
29 592 639
55 289 26
30 60 449
53 114 58
42 273 10
40 178 248
31 356 525
24 420 332
31 420 83
11 929 422
26 871 146
48 302 428
40 222 323
36 42 376
10 953 538
21 668 574
41 281 89
10 954 620
30 556 636
21 880 270
10 989 545
26 107 99
11 443 903
