21 374 194
21 531 754
30 246 20
15 607 414
26 161 507
33 1 9
8 102 981
50 138 227
20 641 334
41 332 554
27 207 16
9 885 484
36 67 694
32 311 223
27 533 201
29 848 76
41 11 40
21 499 485
56 28 201
20 13 453
54 93 166
4 334 983
36 416 586
22 685 208
15 383 433
35 233 71
36 63 743
12 391 758
22 456 876
56 101 207
25 501 185
21 600 90
15 691 42
30 150 446
10 900 774
16 954 285
26 748 281
51 368 304
25 390 181
20 60 73
26 547 294
25 432 783
25 418 547
14 35 548
20 624 351
16 71 984
26 237 492
15 647 439
25 39 570
34 152 733
16 760 8
20 707 713
54 26 194
71 45 161
25 503 95
16 540 253
30 611 195
11 35 335
16 494 363
5 508 692
5 823 588
20 523 788
36 254 693
10 933 734
32 32 475
15 906 59
38 6 85
31 69 485
15 407 831
31 0 22
22 529 389
46 107 212
20 598 254
35 128 664
15 354 381
15 310 6
52 101 456
32 325 443
24 259 560
16 198 921
34 119 563
9 949 798
36 388 245
21 213 814
11 206 431
36 534 74
15 352 98
44 58 400
15 297 799
43 17 135
39 782 168
24 135 593
30 569 203
26 763 347
55 59 146
24 816 63
39 359 534
10 903 997
41 313 537
61 55 185
25 309 92
26 908 393
41 146 451
16 683 221
41 226 279
16 268 947
16 898 742
47 205 265
30 416 582
38 74 166
27 843 94
36 251 81
51 373 308
40 80 468
20 620 483
29 304 68
14 790 885
30 131 679
7 429 992
10 741 887
22 126 746
16 132 291
9 102 906
20 452 622
55 413 322
28 160 207
16 828 749
31 679 136
39 447 564
11 990 992
11 904 122
20 120 50
14 300 172
19 565 363
26 247 5
28 452 618
30 334 269
31 417 608
29 174 143
36 535 91
22 634 201
24 731 635
11 601 700
69 413 304
11 772 410
9 577 17
56 222 191
26 321 485
6 999 172
56 221 179
35 447 229
47 205 264
4 859 289
16 944 970
20 957 239
56 399 320
21 738 701
26 39 672
44 31 140
16 578 461
42 807 197
51 96 252
14 729 258
30 765 637
15 348 704
50 16 209
14 975 228
38 119 111
15 965 951
35 568 98
20 720 632
31 468 170
9 525 850
36 751 320
25 32 853
35 139 426
30 292 181
30 97 813
21 585 647
40 455 593
25 105 533
40 210 338
5 857 683
15 713 618
6 546 574
21 524 33
16 389 142
39 125 444
15 309 348
14 594 110
25 330 435
40 235 331
24 526 367
11 537 494
21 604 291
40 311 544
26 448 528
15 226 790
21 773 377
60 401 286
17 16 596
27 894 403
30 233 712
50 103 363
36 479 254
43 257 213
11 464 59
31 83 268
21 538 732
9 420 10
56 100 379
21 617 229
6 574 820
26 591 167
20 554 636
6 576 998
14 91 4
29 254 552
11 622 781
31 176 99
20 793 657
40 104 333
13 497 540
45 74 375
40 458 201
31 53 750
11 646 726
40 314 555
11 938 376
17 432 475
25 754 278
24 252 904
26 772 348
36 49 811
26 65 648
27 600 296
36 546 89
25 278 688
12 822 843
26 551 875
56 97 380
15 515 624
27 289 310
21 567 905
9 288 652
20 737 113
36 239 707
61 11 160
22 564 630
56 402 320
41 187 161
19 368 107
54 425 261
32 252 584
32 36 254
40 165 102
41 109 224
15 105 886
10 382 861
23 195 505
21 668 669
15 428 20
30 765 156
26 799 213
48 230 222
10 25 327
30 276 591
21 36 611
22 483 808
41 311 506
16 881 8
36 772 202
24 60 12
17 327 777
45 63 422
30 678 134
44 268 50
26 730 93
22 34 519
46 371 312
41 295 208
16 264 860
53 31 122
25 526 130
49 455 290
50 80 365
21 188 597
20 785 672
33 554 299
40 194 314
41 118 745
52 68 394
15 653 517
24 586 172
29 322 478
38 294 74
61 237 300
36 238 578
29 299 482
11 393 659
26 91 822
46 213 163
44 257 204
31 545 337
17 355 710
30 90 324
35 869 44
24 146 58
15 790 24
13 831 736
15 641 131
15 29 902
52 102 432
15 564 712
35 147 72
30 100 277
39 344 552
29 150 770
21 468 799
21 148 350
19 642 377
9 15 675
11 442 751
49 190 299
40 132 273
21 386 49
27 461 491
40 825 180
40 5 54
50 201 193
33 118 499
34 570 66
5 325 895
26 387 48
45 317 547
34 2 233
50 56 228
6 959 40
20 119 607
24 47 751
27 363 566
30 80 659
41 693 115
38 227 119
16 657 512
20 241 616
46 82 771
25 366 222
15 822 762
30 345 411
37 797 163
61 403 288
36 72 730
18 213 877
22 662 81
24 184 601
61 414 281
10 684 460
22 523 948
40 312 43
20 200 803
24 123 139
20 285 745
20 256 447
30 66 27
51 132 234
35 8 214
48 231 163
14 809 846
20 83 566
34 202 57
36 297 249
20 661 369
51 32 40
35 465 242
44 212 225
26 164 664
31 552 163
46 34 73
21 237 845
26 629 627
20 351 48
21 17 446
26 493 545
20 400 84
35 155 684
40 473 256
31 237 739
20 482 309
26 646 664
25 453 162
31 497 177
30 492 290
30 240 267
10 271 391
31 145 671
36 212 329
29 868 421
11 151 873
44 454 293
32 280 340
14 475 869
37 794 163
31 96 787
21 475 460
25 186 446
15 446 150
27 685 165
26 196 580
27 843 431
9 417 906
32 308 260
20 304 778
20 696 713
10 52 991
31 182 476
6 337 628
21 951 269
20 864 175
25 138 532
30 542 924
24 557 771
27 167 778
15 503 17
37 161 580
32 125 153
50 20 116
41 126 355
27 112 77
15 577 438
30 312 285
26 491 566
35 114 686
20 734 344
11 980 781
21 183 750
23 860 413
37 410 203
45 88 784
25 176 266
20 371 667
45 20 37
24 276 302
51 17 124
27 218 22
22 892 189
31 851 79
26 658 625
33 544 912
16 726 15
26 28 853
14 850 6
30 132 133
21 495 36
25 679 205
21 270 443
25 14 422
21 523 944
20 782 296
70 40 161
24 418 344
45 67 416
12 832 458
25 855 210
30 306 233
26 240 480
10 739 814
20 214 666
30 876 61
51 136 189
52 106 415
51 102 200
35 263 724
17 582 770
35 199 88
35 886 436
25 644 646
5 872 539
31 227 95
18 31 806
5 943 436
32 686 108
26 363 401
25 253 358
41 220 315
32 559 312
19 676 752
34 95 479
11 910 198
35 448 827
25 738 130
15 264 943
56 30 198
40 284 45
12 193 952
31 751 675
10 943 115
10 747 786
20 246 507
35 218 172
