6 694 399
11 348 455
6 643 68
11 565 788
10 84 215
7 870 434
9 202 381
5 493 159
10 499 491
4 201 639
11 408 70
18 411 209
5 260 263
4 901 88
10 33 194
5 584 200
5 811 141
6 243 68
6 555 110
12 403 193
5 270 740
5 521 887
3 31 941
5 855 234
7 838 801
5 193 769
12 124 278
12 248 370
11 504 510
10 418 47
7 157 81
10 570 796
6 423 417
6 990 166
7 944 320
5 61 723
8 41 10
6 395 959
7 353 356
4 978 792
8 680 137
6 29 100
15 44 235
6 514 657
4 126 418
11 455 199
7 178 242
10 373 414
5 79 833
12 104 279
