60 369 34
61 287 305
41 354 913
51 361 929
80 37 6
40 5 144
71 210 371
39 694 166
72 626 757
41 867 572
91 311 153
39 676 752
20 396 945
30 990 98
31 785 552
21 523 648
50 209 149
61 341 228
40 879 595
89 234 93
62 132 105
31 583 986
50 464 281
51 79 711
59 294 357
21 88 805
79 292 456
60 61 268
52 21 203
21 284 978
20 993 286
80 598 318
62 482 272
31 56 950
61 20 231
21 632 604
20 790 190
71 43 66
52 176 885
70 318 263
51 439 638
70 283 38
42 390 622
30 300 730
49 461 518
72 263 320
31 228 257
30 972 279
48 953 65
41 7 347
41 844 572
61 316 295
81 101 302
81 140 511
41 782 132
42 549 388
60 449 718
31 572 978
52 595 686
60 60 643
82 133 197
31 175 238
60 261 188
91 60 253
80 599 82
41 271 802
71 25 64
89 690 433
59 65 674
40 994 511
67 24 302
11 762 856
62 184 400
63 181 848
52 418 133
81 528 47
30 93 739
10 664 488
29 619 794
31 340 609
71 515 28
91 201 70
71 722 431
62 285 502
39 884 15
80 255 94
30 656 433
20 822 402
51 161 770
42 440 517
60 225 793
20 537 544
40 481 565
50 393 620
100 263 166
60 54 685
59 593 146
61 502 72
51 434 381
91 567 39
39 80 915
81 278 480
70 623 299
50 732 774
51 146 311
61 461 760
50 722 19
51 505 824
50 103 394
81 541 41
50 341 379
48 582 168
50 337 59
80 120 521
81 614 299
51 501 496
102 597 53
9 994 620
90 87 218
62 742 772
21 785 775
100 272 166
11 553 794
72 249 509
60 145 22
70 480 749
100 235 41
21 5 660
91 300 199
59 212 847
20 702 233
80 625 309
80 58 290
40 621 371
51 457 258
72 48 192
39 105 779
71 308 127
41 759 394
80 109 200
52 505 809
52 370 278
50 510 509
91 198 787
30 492 456
60 437 639
29 764 371
30 230 729
90 92 499
91 309 194
42 221 733
100 102 31
10 539 862
41 277 891
60 162 250
12 929 703
71 404 448
70 664 44
30 939 114
32 340 310
21 686 560
51 221 887
52 24 417
13 498 992
51 526 183
20 999 36
10 995 709
39 367 12
41 0 47
99 104 36
81 261 361
72 140 277
89 386 492
50 310 209
60 81 564
41 477 581
30 923 177
70 121 210
70 45 413
61 724 125
29 324 801
80 55 405
121 73 8
11 916 909
71 46 406
81 229 379
41 333 94
31 779 310
60 340 42
80 34 5
90 111 514
80 584 85
31 667 900
81 501 789
70 145 288
70 124 481
41 67 466
51 820 91
24 812 389
42 667 176
19 455 903
72 517 52
29 278 640
70 73 106
100 697 91
49 248 882
23 678 693
31 381 744
49 489 831
70 130 123
60 336 459
80 284 278
111 241 54
69 87 521
19 22 516
51 511 3
59 575 276
100 634 49
69 683 389
49 630 374
40 149 405
50 975 197
141 55 32
51 323 931
31 377 885
42 534 290
71 29 128
61 413 463
30 662 901
30 757 511
49 899 27
72 166 791
60 695 23
81 601 312
50 646 749
42 386 754
20 208 999
21 906 232
41 383 145
41 855 514
40 456 708
30 250 558
71 115 207
83 181 115
81 78 216
91 177 120
71 674 25
60 25 164
51 535 242
71 297 260
91 39 272
41 516 478
91 685 419
92 381 464
101 302 152
40 481 572
99 660 88
51 217 915
31 408 791
61 64 379
61 56 588
88 719 418
51 704 749
41 612 982
20 151 995
61 191 928
50 230 232
19 426 68
40 813 518
30 300 905
10 961 977
82 502 786
20 881 299
30 658 865
29 664 582
50 240 785
29 303 719
62 249 457
99 266 78
52 50 570
29 524 120
52 894 50
81 218 364
21 167 697
31 323 587
62 309 383
52 223 473
51 814 86
21 473 97
41 463 154
39 370 531
40 949 44
61 373 260
20 557 395
60 113 261
51 338 152
92 685 116
62 76 111
80 210 823
41 26 214
70 538 161
90 604 71
52 862 79
10 111 643
52 76 144
50 711 172
41 319 963
41 795 133
9 859 863
70 666 151
70 427 469
60 445 601
51 7 407
51 341 56
69 561 39
29 141 927
41 791 180
61 436 253
30 729 348
30 230 606
82 76 423
22 562 590
30 278 712
71 214 348
20 583 455
52 641 733
79 61 275
60 743 276
70 25 2
52 747 97
50 527 198
21 687 688
31 796 494
30 669 974
21 877 126
82 600 295
40 966 500
32 151 372
39 964 141
49 964 22
49 707 290
70 231 132
70 573 142
81 687 103
89 254 63
69 254 242
40 107 451
31 305 513
71 595 89
90 8 41
31 533 741
50 744 270
11 601 550
61 180 184
89 722 415
88 652 109
52 410 115
92 241 42
81 195 816
70 181 830
52 217 21
69 344 479
41 373 16
30 683 811
90 117 19
12 965 833
31 782 49
42 994 190
40 727 70
40 643 801
60 362 250
11 756 934
40 732 748
40 262 597
51 944 31
110 50 37
30 170 543
81 94 3
20 920 434
59 981 232
60 646 368
41 272 849
41 730 801
20 891 323
89 169 83
71 657 355
91 260 131
49 461 272
52 717 264
41 85 918
70 555 148
61 150 167
8 524 944
20 712 980
51 157 947
69 272 30
21 479 897
91 73 260
82 130 502
109 74 13
39 608 651
30 503 371
61 660 338
41 236 405
90 653 90
20 575 460
12 931 646
38 998 488
40 515 284
59 386 375
21 913 477
41 450 532
72 140 161
61 524 746
62 44 552
20 749 625
31 526 354
30 393 291
32 332 809
61 420 745
51 193 721
61 60 636
41 991 531
71 293 444
98 273 209
31 104 878
40 142 782
60 604 725
70 161 63
21 739 602
18 348 984
62 183 752
80 117 8
51 789 77
31 340 817
51 362 591
40 947 150
30 199 11
81 130 203
41 712 0
50 585 732
90 632 314
42 45 624
41 0 327
12 41 837
62 423 402
22 859 483
82 588 110
71 52 129
79 655 107
30 219 517
51 566 650
90 384 493
31 992 117
91 143 84
41 579 619
30 640 962
80 262 472
41 553 723
90 604 108
59 322 363
51 868 547
53 995 233
59 278 251
51 195 217
51 4 305
62 285 361
31 246 653
40 532 216
70 149 291
81 62 76
41 891 31
59 949 218
51 608 21
51 421 377
100 274 127
69 72 539
41 207 960
52 416 397
61 145 534
32 446 183
52 363 511
60 740 319
80 684 50
42 401 220
51 605 12
50 252 322
29 423 688
50 203 346
52 342 408
91 159 101
70 340 444
39 465 638
69 100 65
50 166 905
49 437 151
71 727 438
80 198 91
70 714 430
58 38 686
