12 535 962
11 715 984
20 167 336
9 701 659
30 146 515
21 934 197
11 774 612
10 702 930
11 497 574
30 54 159
21 17 771
10 525 80
21 133 989
20 84 264
19 455 35
30 167 562
9 245 575
9 10 27
20 187 166
19 637 294
22 761 483
30 131 502
11 365 203
9 322 79
19 92 166
9 620 682
21 408 95
31 244 946
10 85 409
10 140 222
12 846 366
21 243 373
31 53 521
21 215 809
20 769 466
19 619 153
20 584 348
21 594 113
20 446 356
11 338 993
19 94 248
12 862 876
11 460 264
8 857 167
21 279 353
8 518 206
18 425 26
31 171 593
19 933 150
10 528 507
20 393 94
21 20 132
11 47 602
32 88 549
9 206 411
10 606 885
32 237 967
9 796 783
10 993 54
18 178 825
11 781 132
10 377 44
10 926 267
12 321 738
10 377 950
30 653 256
13 637 448
20 564 306
21 948 808
11 586 55
40 166 558
11 626 733
10 3 193
12 825 626
19 962 839
10 12 712
12 727 331
10 34 234
21 370 714
10 142 12
21 166 162
11 190 936
10 474 143
21 15 782
21 382 720
8 90 644
11 861 817
31 401 372
13 354 620
20 644 240
29 104 954
18 72 976
10 936 83
12 597 3
32 69 515
32 255 926
22 398 410
10 413 652
19 149 463
20 134 325
