9 240 863
40 169 332
10 236 380
20 488 879
10 682 787
9 632 633
30 132 313
10 170 959
28 608 542
11 215 797
31 75 512
22 164 202
9 16 344
11 224 743
21 120 542
20 388 396
10 579 413
10 565 38
11 890 932
9 826 35
10 260 243
10 950 297
22 284 533
11 97 107
11 761 653
22 103 8
10 767 475
10 24 748
20 150 498
42 593 183
22 255 38
21 913 732
31 575 534
10 662 46
11 524 442
10 467 516
11 62 313
21 413 675
19 830 579
10 48 159
31 147 374
10 12 251
12 278 107
21 619 276
12 561 693
21 8 676
20 88 956
10 546 605
21 61 531
52 629 206
39 633 162
10 709 269
30 428 631
21 132 16
11 104 458
22 287 14
30 624 252
9 224 97
30 400 607
22 969 734
20 637 128
21 467 886
11 392 163
20 370 587
28 136 175
29 565 551
22 995 695
21 100 164
10 510 944
20 224 449
10 480 994
11 481 126
21 382 438
10 758 707
21 206 459
12 534 110
12 93 652
10 857 793
9 331 95
20 23 661
21 990 346
12 51 45
10 140 855
20 449 27
12 332 354
40 111 527
11 971 194
21 48 973
30 822 605
11 295 597
12 319 215
32 580 202
21 957 362
11 937 34
20 300 506
20 442 4
39 141 361
21 831 633
20 919 690
13 911 232
