21 547 559
13 544 850
40 406 183
9 787 321
11 25 430
20 238 620
21 21 17
20 177 607
21 56 726
12 908 75
10 850 280
10 513 738
30 132 605
8 408 937
11 667 880
20 497 255
11 752 146
10 328 821
32 208 209
41 418 182
11 856 331
10 423 544
20 896 688
21 502 371
21 651 349
20 651 63
11 131 297
11 949 127
10 338 568
11 437 415
10 459 846
20 306 517
39 103 42
22 546 544
20 189 806
9 304 621
29 284 27
22 187 400
18 324 402
11 975 186
31 590 335
31 199 219
11 326 177
21 687 509
10 455 39
19 661 16
31 294 11
28 623 309
32 474 312
11 78 101
20 907 704
21 313 510
10 451 709
11 903 281
40 502 327
30 140 67
9 672 192
11 135 808
20 151 129
21 184 837
20 198 446
12 544 660
10 195 39
10 982 555
29 553 405
11 777 253
20 65 687
30 419 142
11 510 83
21 177 132
11 328 889
40 482 293
11 2 879
31 565 380
10 423 316
31 416 231
21 704 486
12 759 76
11 478 938
10 681 813
30 91 584
11 916 232
10 678 600
11 274 956
20 5 7
10 109 391
10 636 115
10 863 3
31 131 19
10 610 171
30 278 26
21 245 602
21 289 376
19 58 51
32 243 209
11 471 623
21 53 553
30 566 390
20 552 330
11 947 774
